crossing time (s)	slope (V/s)	crossing number
4914.655506	-133.421222	3781
4915.678067	-137.037471	3782
4916.760237	-130.940186	3783
4917.805827	-135.486475	3784
4918.856460	-132.404984	3785
4919.868796	-138.719988	3786
4920.950726	-132.625850	3787
4921.997157	-139.680761	3788
4923.036846	-136.009969	3789
4924.091388	-133.587094	3790
4925.155239	-135.562664	3791
4926.186302	-133.063811	3792
4927.204796	-132.185222	3793
4928.294987	-139.830272	3794
4929.341309	-133.212035	3795
4930.365524	-136.593539	3796
4931.418113	-137.235639	3797
4932.456080	-132.212112	3798
4933.524790	-133.200853	3799
4934.557533	-135.712078	3800
4935.608113	-136.261201	3801
4936.654380	-133.645667	3802
4937.731449	-135.625780	3803
4938.739791	-135.338197	3804
4939.779608	-137.036838	3805
4940.848595	-133.949072	3806
4941.900020	-135.440179	3807
4942.935846	-131.911125	3808
4943.983359	-131.458133	3809
4945.016183	-135.468631	3810
4946.098694	-131.303208	3811
4947.140786	-135.136218	3812
4948.179753	-133.147046	3813
4949.236946	-131.723030	3814
4950.285973	-136.220284	3815
4951.322875	-130.665085	3816
4952.377341	-132.435456	3817
4953.422559	-136.396262	3818
4954.456286	-129.899186	3819
4955.522745	-132.962495	3820
4956.580958	-136.967680	3821
4957.603143	-130.386033	3822
4958.655960	-135.776127	3823
4959.690056	-131.881957	3824
4960.749227	-131.490554	3825
4961.799557	-134.581357	3826
4962.860251	-130.833978	3827
4963.875033	-131.148603	3828
4964.944213	-130.890917	3829
4966.006536	-133.203000	3830
4967.038537	-132.062051	3831
4968.082910	-135.387462	3832
4969.145980	-134.856216	3833
4970.187131	-133.753825	3834
4971.235519	-130.833398	3835
4972.254829	-128.673938	3836
4973.330213	-130.235041	3837
4974.383568	-131.974631	3838
4975.418240	-134.210114	3839
4976.464273	-134.264007	3840
4977.531708	-131.125895	3841
4978.541383	-130.162657	3842
4979.610608	-129.201240	3843
4980.653940	-131.506977	3844
4981.694452	-131.300447	3845
4982.752266	-129.050372	3846
4983.785138	-131.794204	3847
4984.827738	-129.302053	3848
4985.892417	-132.141876	3849
4986.931082	-129.759619	3850
4987.972622	-130.112488	3851
4989.023688	-128.794375	3852
4990.091773	-132.550266	3853
4991.126174	-130.133593	3854
4992.179086	-131.659960	3855
4993.216672	-128.814183	3856
4994.268328	-129.828150	3857
4995.309852	-128.508838	3858
4996.361126	-127.961771	3859
4997.412298	-130.256710	3860
4998.456312	-128.109492	3861
4999.507728	-127.558740	3862
5000.575720	-132.030999	3863
5001.626070	-128.879435	3864
5002.647749	-131.270864	3865
5003.711036	-130.449312	3866
5004.748666	-129.431218	3867
5005.792592	-128.159903	3868
5006.851872	-126.952205	3869
5007.897461	-127.232504	3870
5008.951624	-128.181516	3871
5010.010392	-128.551065	3872
5011.036400	-126.831916	3873
5012.075768	-129.337813	3874
5013.141492	-126.847944	3875
5014.164301	-127.471402	3876
5015.228301	-126.569108	3877
5016.275497	-126.144873	3878
5017.329847	-129.201081	3879
5018.343543	-128.667693	3880
5019.417353	-127.020618	3881
5020.459620	-126.299925	3882
5021.522301	-125.688827	3883
5022.578308	-127.629619	3884
5023.582685	-127.807176	3885
5024.636340	-125.424225	3886
5025.703537	-128.973847	3887
5026.752257	-127.439038	3888
5027.811311	-126.429828	3889
5028.839032	-128.179619	3890
5029.896197	-128.704640	3891
5030.925715	-126.941893	3892
5031.985053	-129.969350	3893
5033.020260	-124.481366	3894
5034.101513	-128.079608	3895
5035.136790	-124.282120	3896
5036.164954	-126.076411	3897
5037.208554	-128.760301	3898
5038.273989	-128.255053	3899
5039.303963	-126.806279	3900
5040.372627	-125.594979	3901
5041.424587	-127.904420	3902
5042.441869	-124.431875	3903
5043.503773	-124.275161	3904
5044.555185	-125.844312	3905
5045.597914	-127.621254	3906
5046.680347	-126.432272	3907
5047.729271	-125.027460	3908
5048.732619	-123.697341	3909
5049.778319	-126.656909	3910
5050.852823	-125.113167	3911
5051.884726	-124.718895	3912
5052.943890	-124.192934	3913
5053.970450	-122.738890	3914
5055.038475	-125.090461	3915
5056.090055	-125.301543	3916
5057.145735	-126.498128	3917
5058.169099	-122.341377	3918
5059.224146	-125.096739	3919
5060.274073	-123.431294	3920
5061.334585	-125.153460	3921
5062.348627	-124.649613	3922
5063.424240	-124.268828	3923
5064.452738	-122.427363	3924
5065.511747	-124.825318	3925
5066.555242	-124.596115	3926
5067.592596	-123.371704	3927
5068.639177	-122.878026	3928
5069.707689	-121.739817	3929
5070.725949	-124.487414	3930
5071.812399	-122.336754	3931
5072.841413	-123.981570	3932
5073.874576	-120.658313	3933
5074.926706	-121.424780	3934
5075.986069	-122.172999	3935
5077.033200	-121.429087	3936
5078.078687	-123.039111	3937
5079.130643	-121.314967	3938
5080.177150	-121.319208	3939
5081.213104	-122.409043	3940
5082.255658	-122.301846	3941
5083.320052	-120.656502	3942
5084.349446	-123.575144	3943
5085.412625	-122.493424	3944
5086.444837	-122.089576	3945
5087.490294	-123.348389	3946
5088.559957	-121.836778	3947
5089.606623	-120.525505	3948
5090.658632	-119.558552	3949
5091.672549	-120.725906	3950
5092.743769	-120.192695	3951
5093.792508	-119.154313	3952
5094.825925	-121.480497	3953
5095.858581	-119.553121	3954
5096.941501	-120.173965	3955
5097.981637	-121.805101	3956
5099.046479	-120.856118	3957
5100.071283	-121.152056	3958
5101.120305	-119.098938	3959
5102.184155	-118.258496	3960
5103.215721	-120.885704	3961
5104.259291	-120.050326	3962
5105.340378	-119.074859	3963
5106.345362	-117.377127	3964
5107.401123	-119.961632	3965
5108.427840	-118.857947	3966
5109.509303	-119.458796	3967
5110.546372	-117.280152	3968
5111.587701	-118.752805	3969
5112.646601	-117.190482	3970
5113.680427	-117.715225	3971
5114.738450	-119.256338	3972
5115.791503	-118.557822	3973
5116.831600	-117.135902	3974
5117.862137	-118.073038	3975
5118.923112	-117.935174	3976
5119.974150	-117.337749	3977
5121.023189	-117.552203	3978
5122.080855	-118.033190	3979
5123.102143	-117.961921	3980
5124.159441	-116.357170	3981
5125.232693	-117.079588	3982
5126.272552	-115.939767	3983
5127.302452	-116.633561	3984
5128.348513	-117.126503	3985
5129.405260	-116.478546	3986
5130.448231	-117.452232	3987
5131.497177	-116.751607	3988
5132.535758	-117.448007	3989
5133.580937	-115.719958	3990
5134.660634	-114.268196	3991
5135.701736	-115.552877	3992
5136.737648	-114.711320	3993
5137.755363	-114.638519	3994
5138.842457	-114.889214	3995
5139.869162	-116.201365	3996
5140.926321	-116.773083	3997
5141.962216	-115.326926	3998
5143.019034	-114.463544	3999
5144.074272	-113.108904	4000
5145.121241	-115.750168	4001
5146.152254	-113.679813	4002
5147.217387	-114.912938	4003
5148.244274	-113.614256	4004
5149.299983	-115.389824	4005
5150.356764	-114.213288	4006
5151.428571	-113.147464	4007
5152.432987	-113.319540	4008
5153.482143	-114.280266	4009
5154.550305	-113.840801	4010
5155.586502	-115.237984	4011
5156.634302	-113.311144	4012
5157.685815	-113.004527	4013
5158.736166	-112.399337	4014
5159.762089	-112.969681	4015
5160.833420	-112.484150	4016
5161.858665	-112.347337	4017
5162.914727	-111.849489	4018
5163.980499	-112.827905	4019
5165.007655	-111.956894	4020
5166.064628	-111.398742	4021
5167.103809	-112.265154	4022
5168.155105	-111.554950	4023
5169.185561	-111.041849	4024
5170.253456	-111.234893	4025
5171.297002	-112.215506	4026
5172.368582	-110.830073	4027
5173.405701	-110.383414	4028
5174.437055	-110.691710	4029
5175.483272	-109.827491	4030
5176.548206	-112.270494	4031
5177.592515	-108.687946	4032
5178.646993	-110.759806	4033
5179.665645	-108.769821	4034
5180.718682	-111.027623	4035
5181.772649	-110.071618	4036
5182.843118	-110.242292	4037
5183.848655	-108.643120	4038
5184.900658	-109.169720	4039
5185.977701	-108.657040	4040
5187.013711	-110.032978	4041
5188.058788	-108.059978	4042
5189.080903	-109.127279	4043
5190.149658	-107.986712	4044
5191.196206	-109.299910	4045
5192.255131	-109.467204	4046
5193.300335	-108.580578	4047
5194.352940	-108.389012	4048
5195.377040	-108.917332	4049
5196.433035	-108.053182	4050
5197.464044	-108.263257	4051
5198.530144	-108.035394	4052
5199.583414	-107.541024	4053
5200.602151	-107.630951	4054
5201.669510	-107.059494	4055
5202.706938	-106.560567	4056
5203.766064	-106.571009	4057
5204.820700	-107.160426	4058
5205.850181	-106.553892	4059
5206.899208	-105.998730	4060
5207.980788	-106.051299	4061
5209.005800	-106.016137	4062
5210.055573	-105.738798	4063
5211.093587	-105.619160	4064
5212.157608	-105.232194	4065
5213.182586	-104.075675	4066
5214.243012	-104.797698	4067
5215.286898	-105.690866	4068
5216.364143	-104.921870	4069
5217.372128	-104.100413	4070
5218.419029	-103.797035	4071
5219.484107	-104.477268	4072
5220.545848	-105.225490	4073
5221.577233	-102.248028	4074
5222.633899	-102.842459	4075
5223.656958	-103.025781	4076
5224.709454	-104.240480	4077
5225.775963	-104.688223	4078
5226.824885	-102.830477	4079
5227.866171	-104.072527	4080
5228.907012	-102.771697	4081
5229.954982	-102.674374	4082
5230.988840	-101.128573	4083
5232.046937	-102.637814	4084
5233.080255	-102.043286	4085
5234.155511	-101.134013	4086
5235.187812	-102.036055	4087
5236.223120	-101.084421	4088
5237.268322	-101.533406	4089
5238.325985	-99.488961	4090
5239.362982	-101.391780	4091
5240.430070	-100.205188	4092
5241.477428	-100.327277	4093
5242.530921	-99.439882	4094
