crossing time (s)	slope (V/s)	crossing number
3601.624508	-134.739378	2538
3602.705430	-133.360776	2539
3603.739723	-128.446214	2540
3604.764816	-132.245863	2541
3605.834897	-128.568658	2542
3606.882607	-132.583085	2543
3607.934028	-131.094916	2544
3608.990160	-135.712973	2545
3610.027136	-130.765643	2546
3611.068831	-128.886325	2547
3612.150101	-129.888936	2548
3613.152710	-126.352205	2549
3614.209537	-132.301714	2550
3615.286879	-126.902287	2551
3616.317163	-131.562343	2552
3617.363926	-124.906289	2553
3618.405067	-133.061010	2554
3619.463946	-131.673483	2555
3620.492218	-128.524449	2556
3621.561581	-130.590657	2557
3622.579258	-127.586602	2558
3623.653404	-131.611810	2559
3624.697669	-125.849415	2560
3625.726919	-132.552033	2561
3626.782789	-126.137814	2562
3627.825478	-129.630158	2563
3628.869363	-126.398660	2564
3629.903750	-127.754659	2565
3630.960120	-127.552226	2566
3632.023729	-127.901736	2567
3633.072749	-127.334741	2568
3634.121472	-127.454492	2569
3635.140266	-123.952758	2570
3636.234121	-128.336544	2571
3637.260760	-127.684123	2572
3638.302123	-124.448338	2573
3639.340841	-126.152449	2574
3640.401885	-123.298824	2575
3641.421709	-127.320753	2576
3642.503251	-126.446832	2577
3643.542219	-124.508610	2578
3644.597297	-123.748869	2579
3645.636755	-127.720606	2580
3646.683805	-122.732097	2581
3647.718393	-125.488399	2582
3648.782778	-124.783929	2583
3649.818225	-124.846728	2584
3650.867011	-125.202674	2585
3651.936662	-126.800475	2586
3652.959570	-120.855288	2587
3654.024772	-125.663737	2588
3655.067389	-121.364073	2589
3656.099164	-122.100921	2590
3657.166654	-123.312729	2591
3658.202572	-121.923879	2592
3659.252899	-124.769888	2593
3660.297490	-123.247866	2594
3661.340110	-120.418966	2595
3662.380815	-124.395686	2596
3663.422817	-126.180430	2597
3664.484094	-120.743262	2598
3665.534260	-121.400490	2599
3666.564029	-119.519806	2600
3667.635819	-122.391038	2601
3668.673774	-119.493854	2602
3669.700246	-121.849252	2603
3670.773173	-121.093800	2604
3671.815049	-121.180268	2605
3672.832236	-118.891104	2606
3673.906908	-121.400093	2607
3674.944058	-118.402146	2608
3676.015189	-123.335878	2609
3677.060914	-117.861074	2610
3678.089301	-122.455968	2611
3679.153590	-118.370913	2612
3680.174800	-120.041980	2613
3681.249145	-119.086510	2614
3682.277761	-119.822836	2615
3683.337844	-121.838280	2616
3684.374449	-115.373409	2617
3685.412886	-122.283184	2618
3686.485696	-115.967589	2619
3687.514080	-120.345164	2620
3688.563182	-114.590747	2621
3689.626152	-122.759537	2622
3690.673928	-113.541423	2623
3691.695930	-118.717688	2624
3692.781069	-115.849302	2625
3693.787293	-118.196646	2626
3694.846441	-115.026433	2627
3695.885293	-119.564345	2628
3696.962762	-115.639715	2629
3698.000054	-118.677782	2630
3699.061177	-115.139415	2631
3700.095185	-115.556579	2632
3701.137042	-115.148224	2633
3702.162600	-113.953927	2634
3703.237626	-114.587693	2635
3704.274052	-114.290223	2636
3705.335886	-115.154921	2637
3706.373218	-113.087138	2638
3707.422789	-115.007089	2639
3708.453005	-114.370087	2640
3709.521231	-114.149920	2641
3710.542031	-112.809522	2642
3711.621735	-112.563423	2643
3712.640247	-113.152710	2644
3713.696102	-112.093344	2645
3714.749963	-112.971161	2646
3715.813067	-111.201758	2647
3716.829623	-114.464667	2648
3717.901440	-108.525809	2649
3718.916538	-113.607800	2650
3719.991039	-109.528689	2651
3721.014262	-114.960562	2652
3722.077898	-107.213906	2653
3723.135960	-113.761601	2654
3724.166474	-105.156367	2655
3725.221516	-114.027470	2656
3726.281618	-104.640017	2657
3727.327219	-113.440668	2658
3728.349767	-104.965301	2659
3729.417308	-110.841876	2660
3730.457333	-106.931309	2661
3731.514393	-109.598971	2662
3732.539835	-105.956762	2663
3733.618998	-108.873495	2664
3734.644011	-108.231284	2665
3735.692030	-106.565649	2666
3736.739210	-108.699166	2667
3737.779337	-104.475788	2668
3738.827519	-107.757586	2669
3739.870897	-105.184206	2670
3740.909047	-107.290701	2671
3741.953322	-103.343687	2672
3743.019132	-106.665961	2673
3744.090945	-103.078776	2674
3745.119128	-106.400253	2675
3746.143526	-101.372746	2676
3747.211243	-107.768430	2677
3748.248799	-101.931081	2678
3749.300613	-104.844550	2679
3750.351919	-100.922995	2680
3751.377658	-104.900006	2681
3752.442535	-101.912783	2682
3753.495781	-102.737155	2683
3754.543816	-103.016003	2684
3755.578283	-100.928876	2685
3756.645490	-103.582277	2686
3757.662457	-99.094118	2687
3758.724996	-104.364114	2688
3759.777527	-97.882965	2689
3760.801648	-104.528859	2690
3761.892677	-95.960265	2691
3762.925995	-104.639828	2692
3763.950103	-93.988951	2693
3765.016437	-104.648259	2694
3766.050001	-94.263174	2695
3767.105939	-104.684443	2696
3768.155086	-92.963464	2697
3769.200062	-102.804294	2698
3770.257643	-94.475906	2699
3771.279006	-101.037821	2700
3772.332983	-95.491256	2701
3773.357535	-100.106262	2702
3774.446148	-94.906030	2703
3775.473727	-98.800603	2704
3776.541446	-95.264241	2705
3777.552730	-97.435300	2706
3778.620026	-94.456038	2707
3779.663602	-97.209788	2708
3780.719438	-94.584962	2709
3781.763348	-95.491554	2710
3782.839489	-93.330877	2711
3783.829141	-94.146806	2712
3784.904758	-93.373942	2713
3785.962330	-96.334369	2714
3787.016588	-91.548051	2715
3788.031872	-94.601542	2716
3789.123366	-91.097579	2717
3790.144080	-95.446542	2718
3791.190397	-89.689213	2719
3792.201323	-95.571330	2720
3793.269584	-89.185905	2721
3794.318118	-96.107363	2722
3795.373163	-86.879615	2723
3796.408991	-95.841048	2724
3797.464133	-85.692977	2725
3798.513751	-95.590127	2726
3799.573185	-85.530063	2727
3800.617262	-94.478843	2728
3801.658567	-84.766280	2729
3802.695176	-93.651378	2730
3803.750775	-85.687331	2731
3804.780017	-92.678827	2732
3805.848863	-85.266265	2733
3806.900186	-91.453900	2734
3807.944321	-87.878284	2735
3808.992234	-88.793394	2736
3810.031689	-87.718860	2737
3811.068450	-88.285768	2738
3812.138592	-87.056175	2739
3813.189246	-86.916759	2740
3814.210128	-88.619910	2741
3815.263808	-84.314029	2742
3816.315591	-89.364286	2743
3817.344483	-83.868792	2744
3818.412069	-88.024477	2745
3819.481366	-84.283630	2746
3820.487313	-86.825476	2747
3821.549392	-83.303892	2748
3822.603722	-86.053122	2749
3823.647291	-83.266728	2750
3824.696764	-85.194539	2751
3825.747479	-83.411380	2752
3826.780672	-84.639977	2753
3827.843658	-83.573294	2754
3828.864033	-82.935893	2755
3829.926252	-83.837431	2756
3830.961883	-80.806570	2757
3832.031085	-85.608527	2758
3833.060444	-78.209854	2759
3834.128457	-85.543087	2760
3835.157411	-77.591981	2761
3836.208396	-85.578814	2762
3837.257005	-75.172922	2763
3838.304541	-86.069416	2764
3839.365299	-75.170799	2765
3840.396216	-86.959704	2766
