crossing time (s)	slope (V/s)	crossing number
5543.548667	-137.688638	4379
5544.558328	-142.050439	4380
5545.630482	-134.843528	4381
5546.664600	-136.800274	4382
5547.729916	-132.951821	4383
5548.772074	-140.702177	4384
5549.806216	-132.247967	4385
5550.872563	-140.076379	4386
5551.907240	-131.849924	4387
5552.979226	-136.616711	4388
5553.992846	-138.121110	4389
5555.056175	-133.555721	4390
5556.104660	-138.826849	4391
5557.171139	-135.390885	4392
5558.209319	-137.974097	4393
5559.225246	-135.658297	4394
5560.306829	-135.027916	4395
5561.346617	-133.546774	4396
5562.381014	-133.739457	4397
5563.455143	-138.031895	4398
5564.478238	-128.639252	4399
5565.540127	-139.585479	4400
5566.564252	-131.249732	4401
5567.629296	-137.798177	4402
5568.675483	-134.816344	4403
5569.718456	-129.721619	4404
5570.739700	-133.164658	4405
5571.813347	-136.729071	4406
5572.862367	-135.318602	4407
5573.899105	-131.842469	4408
5574.961031	-131.442488	4409
5575.995608	-132.463700	4410
5577.071496	-136.048734	4411
5578.076832	-129.267624	4412
5579.168998	-132.057554	4413
5580.183526	-129.502315	4414
5581.238255	-134.449364	4415
5582.300281	-127.847973	4416
5583.324429	-131.798922	4417
5584.387955	-127.508562	4418
5585.443052	-129.807335	4419
5586.493546	-126.734008	4420
5587.522308	-129.945988	4421
5588.583163	-126.313336	4422
5589.608891	-127.846942	4423
5590.666477	-128.293942	4424
5591.703161	-126.733634	4425
5592.775664	-130.916060	4426
5593.807703	-126.920885	4427
5594.860596	-133.544320	4428
5595.917344	-120.591650	4429
5596.946118	-130.108057	4430
5598.015338	-123.019329	4431
5599.056013	-128.225899	4432
5600.100410	-122.333214	4433
5601.147189	-126.769406	4434
5602.196267	-126.321135	4435
5603.227141	-124.630971	4436
5604.285021	-126.205457	4437
5605.334290	-123.944467	4438
5606.373762	-124.531446	4439
5607.431042	-122.766560	4440
5608.468720	-123.432402	4441
5609.521229	-124.084416	4442
5610.563521	-119.319382	4443
5611.616074	-125.309459	4444
5612.659883	-118.118628	4445
5613.717869	-127.332246	4446
5614.748826	-116.161431	4447
5615.834093	-127.550098	4448
5616.852269	-114.685199	4449
5617.905745	-124.458435	4450
5618.939476	-113.739340	4451
5620.001325	-125.370717	4452
5621.029358	-114.730997	4453
5622.116244	-122.872838	4454
5623.137673	-115.289879	4455
5624.191997	-120.599331	4456
5625.221047	-114.660484	4457
5626.281412	-119.022754	4458
5627.326151	-118.275337	4459
5628.385752	-117.358628	4460
5629.418884	-118.313243	4461
5630.481420	-112.989976	4462
5631.518075	-120.807054	4463
5632.547172	-112.188444	4464
5633.623771	-117.043778	4465
5634.675511	-116.073929	4466
5635.711484	-111.727240	4467
5636.760192	-115.792413	4468
5637.807939	-108.701617	4469
5638.844387	-118.559369	4470
5639.890950	-103.401050	4471
5640.934151	-119.425011	4472
5641.976966	-101.749293	4473
5643.051856	-120.113257	4474
5644.056972	-104.907670	4475
5645.150664	-115.475356	4476
5646.175243	-106.254193	4477
5647.241813	-112.093727	4478
5648.265704	-107.449922	4479
5649.349963	-108.701470	4480
5650.365097	-107.865275	4481
5651.431962	-106.565763	4482
5652.456361	-110.155587	4483
5653.504572	-102.541208	4484
5654.549310	-108.310413	4485
5655.606366	-104.158232	4486
5656.651416	-108.386901	4487
5657.706985	-100.135889	4488
5658.755561	-105.127158	4489
5659.797076	-102.366707	4490
5660.828677	-104.114244	4491
5661.908047	-101.783495	4492
5662.923435	-101.896672	4493
5664.002366	-104.125450	4494
5665.015706	-97.033068	4495
5666.078529	-105.027621	4496
5667.115555	-93.474477	4497
5668.191943	-107.055427	4498
5669.221015	-89.644985	4499
5670.271778	-109.402035	4500
5671.302482	-86.940452	4501
5672.373228	-107.632987	4502
5673.415017	-87.503529	4503
5674.454965	-104.691944	4504
5675.508241	-89.572369	4505
5676.555376	-98.918268	4506
5677.605162	-94.487407	4507
5678.636220	-92.513107	4508
5679.710444	-97.132144	4509
5680.742248	-88.878913	4510
5681.778283	-98.092792	4511
5682.833338	-87.211504	4512
5683.877343	-97.153172	4513
5684.938459	-87.878062	4514
5685.966320	-92.670353	4515
5687.030354	-89.722940	4516
5688.056184	-91.606548	4517
5689.146263	-90.139583	4518
5690.162243	-86.446157	4519
5691.221455	-91.464388	4520
5692.245724	-84.972645	4521
5693.317927	-91.411731	4522
5694.362043	-83.346218	4523
5695.432657	-90.240952	4524
5696.439817	-84.037609	4525
5697.504297	-87.730512	4526
5698.534339	-83.458243	4527
5699.616198	-86.035336	4528
5700.621489	-84.911028	4529
5701.707652	-82.026354	4530
5702.740713	-86.228833	4531
5703.787522	-79.748828	4532
5704.818518	-86.561374	4533
5705.899272	-77.040964	4534
5706.942363	-86.151824	4535
5707.960654	-77.874479	4536
5709.024129	-83.159734	4537
5710.070641	-79.320469	4538
5711.109383	-79.030411	4539
5712.171034	-82.097347	4540
5713.227311	-74.787684	4541
5714.247407	-85.670973	4542
5715.308411	-70.117439	4543
5716.352321	-86.437672	4544
5717.405050	-68.008594	4545
5718.455213	-87.733578	4546
5719.486014	-66.644583	4547
5720.548037	-86.197529	4548
5721.598316	-67.102021	4549
5722.636824	-83.337145	4550
5723.691218	-67.432619	4551
5724.737521	-81.635043	4552
5725.761369	-67.676596	4553
5726.849161	-80.295808	4554
5727.866844	-68.474740	4555
5728.940009	-77.179547	4556
5729.966295	-67.061048	4557
5731.027262	-76.421030	4558
5732.047762	-67.901231	4559
5733.102113	-74.555717	4560
5734.153022	-66.042545	4561
5735.228630	-75.581192	4562
5736.261067	-64.090362	4563
5737.321448	-74.912549	4564
5738.351100	-61.790985	4565
5739.411573	-76.654337	4566
5740.424447	-60.124702	4567
5741.514458	-76.322810	4568
5742.537929	-58.401237	4569
5743.580606	-76.827412	4570
5744.638571	-56.708024	4571
5745.682961	-75.180384	4572
5746.730884	-56.599587	4573
5747.771357	-73.782974	4574
5748.831783	-57.020496	4575
5749.878515	-70.233907	4576
5750.912764	-60.065557	4577
5751.954103	-65.836913	4578
5753.035332	-62.719805	4579
5754.060118	-61.843011	4580
5755.120514	-65.001096	4581
5756.164908	-58.736880	4582
5757.217365	-66.527917	4583
5758.256447	-56.387601	4584
5759.289241	-65.558460	4585
5760.350157	-56.017717	4586
5761.382246	-64.311713	4587
5762.448930	-56.327110	4588
5763.474188	-61.497402	4589
5764.554234	-57.295568	4590
5765.576819	-60.814621	4591
5766.650191	-57.653974	4592
5767.665204	-58.408338	4593
5768.731443	-56.763782	4594
5769.760437	-57.303456	4595
5770.814100	-56.503893	4596
5771.861891	-56.978976	4597
5772.929392	-55.300904	4598
5773.958143	-56.326102	4599
5775.015324	-53.403989	4600
5776.061142	-57.285947	4601
5777.123356	-51.869226	4602
5778.138107	-57.504726	4603
5779.205717	-50.027706	4604
5780.233107	-57.960852	4605
5781.278114	-49.412579	4606
5782.348234	-56.996465	4607
5783.389250	-49.569810	4608
5784.440344	-55.262682	4609
5785.457091	-50.512184	4610
5786.549828	-52.437889	4611
5787.564892	-52.549449	4612
5788.627950	-48.852581	4613
5789.669046	-54.369038	4614
5790.716935	-45.663087	4615
5791.765828	-55.708387	4616
5792.819075	-43.600269	4617
5793.851216	-56.933799	4618
5794.914548	-41.261153	4619
5795.961899	-57.689765	4620
5797.007298	-40.855592	4621
5798.057372	-57.518571	4622
5799.091760	-39.871425	4623
5800.158933	-56.309631	4624
5801.177109	-39.754175	4625
5802.248061	-55.006950	4626
5803.288145	-39.676890	4627
5804.357658	-54.543958	4628
5805.380727	-39.154011	4629
